0000000000000000
0000000000000000
0000000000001000
0000000000001000
0000000000001000
0000000000001000
0000000000011000
0000000000010000
0000000000110000
0000000000100000
0000000000100000
0000000001000000
0000000001000000
0000000001000000
0000000011000000
0000000000000000
0000000000000000
0000000000000000
0000000000000000
0000000000000000
0000000000000111
0000000000001101
0000000000011001
0000000000000001
0000000000000001
0000000000000001
0000000000000001
0000000000000001
0000000000000001
0000000000000001
0000000000000001
0000000000000001
0000000000000000
0000000000000000
0000001000000000
0000011000000000
0000010000000000
0000110000000000
0000100000000000
0000100000000000
0001100000000000
0001000000000000
0001000000000000
0011000000000000
0010000000000000
0000000000000000
0000000000000000
0000000000000000
0000000000000000
0000000000000000
0000000000000000
0000000000000000
0000000000000000
0000010000000000
0000010000000000
0000010000000000
0000010000000000
0000010000000000
0000100000000000
0000100000000000
0001000000000000
0001000000000000
0011000000000000
0110000000000000
0000000000000000
0000000000000000
0000000000000000
0000000000000000
0000000000011000
0000000000010000
0000000000110000
0000000001100000
0000000011000000
0000000110000000
0000000100000000
0000001100000000
0000011000000000
0000010000000000
0000110000000000
0000000000000000
0000000000000000
0000000000000000
0000000000000000
0000000000000000
0000000000000000
0000000000100000
0000000000100000
0000000000100000
0000000001000000
0000000011000000
0000000010000000
0000000110000000
0000001100000000
0000001000000000
0000011000000000
0000110000000000
0000000000000000
0000000000000000
0000000000000000
0000000000000000
0000000000100000
0000000001100000
0000000001000000
0000000001000000
0000000001000000
0000000001000000
0000000011000000
0000000010000000
0000000010000000
0000000110000000
0000000100000000
0000000000000000
0000000000000000
0000000000000000
0000000000000000
0000000010000000
0000000010000000
0000000010000000
0000000110000000
0000000100000000
0000001100000000
0000001000000000
0000011000000000
0000010000000000
0000110000000000
0000000000000000
0000000000000000
0000000000000000
0000000000000000
0000000000000000
0000000000000000
0000000000000000
0000000000000000
0000000000010000
0000000000010000
0000000000010000
0000000000110000
0000000000100000
0000000000100000
0000000000100000
0000000001100000
0000000001000000
0000000001000000
0000000001000000
0000000000000000
0000000000000000
0000000000000000
0000001000000000
0000001000000000
0000001000000000
0000001000000000
0000001000000000
0000001000000000
0000001000000000
0000001000000000
0000000000000000
0000000000000000
0000000000000000
0000000000000000
0000000000000000
0000000000000000
0000000000000000
0000000000000000
0000000001100000
0000000001100000
0000000000100000
0000000000100000
0000000000100000
0000000000100000
0000000000100000
0000000000100000
0000000000100000
0000000000100000
0000000000000000
0000000000000000
0000000000000000
0000000000000000
0000000000000000
0000000000000000
0000000001000000
0000000001000000
0000000010000000
0000000010000000
0000000110000000
0000000100000000
0000000100000000
0000000000000000
0000000000000000
0000000000000000
0000000000000000
0000000000000000
0000000000000000
0000000000000000
0000000000000000
0000000000000000
0000000001000000
0000000011000000
0000000110000000
0000000100000000
0000001100000000
0000011000000000
0000110000000000
0000100000000000
0000000000000000
0000000000000000
0000000000000000
0000000000000000
0000000000000000
0000000000000000
0000000000000000
0000000000000000
0000000000000000
0000001000000000
0000001000000000
0000011000000000
0000010000000000
0000110000000000
0000100000000000
0001000000000000
0001000000000000
0000000000000000
0000000000000000
0000000000000000
0000000000000000
0000000000000000
0000000000000000
0000010000000000
0000110000000000
0001110000000000
0000010000000000
0000010000000000
0000010000000000
0000110000000000
0000100000000000
0000100000000000
0001100000000000
0001000000000000
0011000000000000
0010000000000000
0000000000000000
0000000000000000
0000000111000000
0000000101000000
0000000001000000
0000000001000000
0000000011000000
0000000010000000
0000000010000000
0000000110000000
0000000100000000
0000000100000000
0000001000000000
0000001000000000
0000000000000000
0000000000000000
0000000000000000
0000000000000000
0000000000000000
0000000000000000
0000000000000000
0000100000000000
0000100000000000
0000100000000000
0000100000000000
0000100000000000
0000100000000000
0000100000000000
0000100000000000
0001100000000000
0001000000000000
0000000000000000
0000000000000000
0000000000000000
0000000000000000
0000000000000000
0000000000000000
0000000001000000
0000000011000000
0000000010000000
0000000110000000
0000000100000000
0000001100000000
0000001000000000
0000011000000000
0000000000000000
0000000000000000
0000000000000000
0000000000000000
0000000000000000
0000000000000000
0000000000000000
0000010000000000
0000010000000000
0000010000000000
0000001000000000
0000001000000000
0000001000000000
0000001000000000
0000001000000000
0000000000000000
0000000000000000
0000000000000000
0000000000000000
0000000000000000
