0000000000000000
0000000000000000
0000000000000000
0000000000000000
0000000000000000
0000111111100000
0000000000100000
0000000000110000
0000000000010000
0000000000010000
0000000000010000
0000000000110000
0000001111000000
1111111111111000
0000000000000000
0000000000000000
0000000000000000
0000000000000000
0000000000000000
0000000000000000
0000000000000000
0000000000000000
0001111111000000
0000000001100000
0000000000110000
0000000000010000
0000000000010000
0000000000110000
0000000001100000
1111111111000000
1111111111111110
0000000000000011
0000000000000000
0000000000000000
0000000000000000
0000000000000000
0000000000000000
0000000000000000
0000000000000000
0000111100000000
0000000110000000
0000000011000000
0000000011000000
0000000110000000
0000111000000000
0111100000000000
1111111111111111
1000000000000001
0000000000000000
0000000000000000
0000000000000000
0001111110000000
0000000011100000
0000000000111000
0000000000001000
0000000000001000
1111110000111000
1000011111100000
1000011111100000
1111110000011100
0000000000000011
0000000000000001
0000000000000000
0000000000000000
0000000000000000
0000000000000000
0000011111111100
0000110000000110
0000000000000010
0000000000000110
0000000000001100
0000000000111000
0000000011100000
0000001110000000
0111111111111110
0000000000000000
0000000000000000
0000000000000000
0000000000000000
0000000000000000
0000000000000000
0000000000000000
0000000000000000
0000000000000000
0000001111111000
0011110000001110
0000000000000011
0000000000000001
0000000000000001
0000000000000001
0000000000000111
0000000000011100
0000000011100000
0000111110000000
1111111111111111
0000000000000000
0000000000000000
0000000000000000
0000000000000000
0000001111110000
0001111000001110
0011000000000010
0010000000000010
0010000000000010
0000000000000010
0000000000001110
0000000000011000
0000000000110000
0000000011100000
0111111111111100
0000000000000111
0000000000000000
0000000000000000
0111111110000000
0100000011000000
0000000011000000
0000000010000000
0000001110000000
0000011000000000
0111100000000000
1111111111000000
0000000001000000
0000000000000000
0000000000000000
0000000000000000
0000000000000000
0000000000000000
0000000000000000
0000000000000000
0000111111000000
0011100001110000
0010000000010000
0000000000010000
0000000001100000
0000000011000000
0000001110000000
0011111111000000
0000000000110000
0000000000000000
0000000000000000
0000000000000000
0000000000000000
0000000000000000
0000000000000000
0000000000000000
0000000000000000
0111111110000000
0100000010000000
0000000010000000
0000000010000000
0000000110000000
0111111111100000
1111111000110000
0000000000000000
0000000000000000
0000000000000000
0000000000000000
0000000000000000
0000000000000000
0000000000000000
0000000000000000
0000000000000000
0111111100000000
0000000110000000
0000000010000000
0000000010000000
0000000110000000
0000001100000000
0000111000000000
0011111111100000
0011000000100000
0000000000000000
0000000000000000
0000000000000000
0000000000000000
0000000000000000
0000000000000000
0001111110000000
0000000011000000
0000000001100000
0000000000100000
0000000000100000
0000000001100000
0000000111000000
0000011100000000
0011110000000000
1111111111100000
0000000000000000
0000000000000000
0000000000000000
0000000000000000
0000000000000000
0000000000000000
0001111000000000
0000001110000000
0000000010000000
0000000010000000
0000000010000000
0000000110000000
0000001100000000
0000111000000000
0111111111110000
1110000000011000
0000000000000000
0000000000000000
0000000000000000
0000000000000000
0000000000000000
0111111000000000
0000001100000000
0000000110000000
0000000010000000
0000000010000000
0000000010000000
0000000110000000
0000011100000000
0001110000000000
1111000000000000
1111111110000000
0000000000000000
0000000000000000
0000000000000000
0000000000000000
0000000000000000
0000000000000000
0111111100000000
1000000110000000
0000000010000000
0000000010000000
0000000110000000
0000001100000000
0000011000000000
0000110000000000
0001100000000000
0111111111111000
1100000000000000
0000000000000000
0000000000000000
0000000000000000
0000000000000000
0000000000000000
0000000000000000
0000000000000000
0000111100000000
0000000100000000
0000000100000000
0000111100000000
0111111100000000
0000000011000000
0000000001000000
0000000000000000
0000000000000000
0000000000000000
0000000000000000
0000000000000000
0000000000000000
0000000000000000
0000000000000000
0000111100000000
0000000110000000
0000000011000000
0000000001000000
0000000001000000
0000000011000000
0000001110000000
1111111111110000
0000000000000000
0000000000000000
0000000000000000
0000000000000000
0000000000000000
0000000000000000
0000000000000000
0000000000000000
0000111110000000
0000000011000000
0000000001100000
0000000000100000
0000000000100000
0000000000100000
0000000000100000
0000111111110000
0000111111011100
0000000000000111
0000000000000000
0000000000000000
0000000000000000
0000000000000000
0000000000000000
0000000000000000
0000000000000000
0110000000000000
0011000000000000
0001000000000000
0000100000000000
0000100000000000
0001100000000000
0011000000000000
0110000000000000
1111111100000000
1000000111000000
0000000000100000
0000000000000000
0000000000000000
0000000000000000
0000000000000000
0000111111000000
0000000001000000
0000000011000000
0000001110000000
0011111000000000
0000000111000000
0000000001100000
0000000000000000
0000000000000000
0000000000000000
0000000000000000
0000000000000000
0000000000000000
0000000000000000
