0000000000000000
0000000000000000
0000000000000000
0000011111110000
0001110000011100
0011000000000110
0000000000000011
0000000000000001
0000000000000111
0000000000111100
0001111111111000
0000000000000110
0000000000000010
0000000000000110
0000000000111100
0111111111000000
0000000000000000
0000000000000000
0000000000000000
0000000000000000
0011111111000000
0000000001110000
0000000000001100
0000000000000110
0000000000000011
0000000000000001
0000000000000001
0000000000000111
0000011111111100
0000011111111110
0000000000000001
1111111111111111
0000000000000000
0000000000000000
0001111111000000
0001000001100000
0000000000100000
0000011111100000
0001111111110000
0000000000010000
0000000000110000
0001001111100000
0000111000000000
0000000000000000
0000000000000000
0000000000000000
0000000000000000
0000000000000000
0000000000000000
0000000000000000
0001111100000000
0010000011000000
0000000001100000
0000000011100000
0000001110000000
0111111111110000
0000000000011000
0000000000001100
0000000000011100
0000000011110000
1111111100000000
0000000000000000
0000000000000000
0000000000000000
0000000000000000
0000000000000000
0000000000000000
0000000000000000
0000011100000000
0001110111000000
0000000001000000
0000000111000000
0011111100000000
1110000111100000
0000000000011000
0000000000001100
0000000000011100
1111111111110000
0000000000000000
0000000000000000
