0000000000000000
0000000000000000
0000000000000000
0011111110000000
0110000000000000
1111100000000000
0000111100000000
0000000110000000
0000000110000000
1111111100000000
0000000000000000
0000000000000000
0000000000000000
0000000000000000
0000000000000000
0000000000000000
0000000000000000
0000000000000000
0000100000000000
0001111111000000
0011000000000000
0110000000000000
1111111100000000
0000000111000000
0000000001000000
1100001111000000
0111110000000000
0000000000000000
0000000000000000
0000000000000000
0000000000000000
0000000000000000
0000000000000000
1000000000000000
1111111111000000
1000000000000000
1000000000000000
1111111110000000
0000000001100000
0000000000100000
0000000111100000
0001111100000000
0000000000000000
0000000000000000
0000000000000000
0000000000000000
0000000000000000
0000000000000000
0000000000000000
0000000000000000
0000001100000000
0000011011111100
0001110000000000
0001111110000000
0000000011110000
0000000000011000
0011000011111000
0000111110000000
0000000000000000
0000000000000000
0000000000000000
0000000000000000
0000000000000000
0000000000000000
0000000000000000
0000000000000000
0000100000000000
0000101111110000
0000100000000000
0000111111000000
0000000001000000
0000000011000000
0110111100000000
0011100000000000
0000000000000000
0000000000000000
0000000000000000
0000000000000000
0000000000000000
0000000000000000
0000000000000000
0000000000000000
0000101111100000
0000100000000000
0000111111000000
0000000001000000
0000000001000000
0001111110000000
0000000000000000
0000000000000000
0000000000000000
0000000000000000
0000000000000000
0000000000000000
0000000000000000
0000000000000000
0000000000000001
0000000000001111
0000000000110000
0000000011000000
0000001100000000
0000010000000000
0000110000000000
0001100000000000
0011111111100000
0000000000110000
0000000000110000
0000000011100000
0000111110000000
1111100000000000
0000000000000000
0000000000000000
0000000000000000
0000000111000000
0000111100000000
0000111100000000
0000000111100000
0000000000110000
0000000000010000
0000000000110000
0000000111100000
0001111100000000
0000000000000000
0000000000000000
0000000000000000
0000000000000000
0000000000000000
0000000000000000
0000000000000000
0000000000000000
0000000000000000
0000111111111000
0000100000000000
0000111111100000
0000000000111000
0000000000001000
0010000111111000
0011111100000000
0000000000000000
0000000000000000
0000000000000000
0000000000000000
0000000000000000
0000000000000000
0000000000000000
0000000000000000
0000011111111110
0000010000000000
0000111111110000
0000000000011000
0000000000011000
0000000011110000
0000011100000000
0000000000000000
0000000000000000
0000000000000000
0000000000000000
0000000000000000
0000000000000000
0000000000000000
0000000000000000
0000000000000000
0000000000000000
0000001111110000
0000001000000000
0000001111100000
0000000000110000
0000000001110000
0011111110000000
0000000000000000
0000000000000000
0000000000000000
0000000000000000
0000000000000000
0000000000000000
0000100000000000
0001111111110000
0011000000000000
0010000000000000
0011111111000000
0000000001000000
0000000011000000
1000001110000000
1111110000000000
0000000000000000
0000000000000000
0000000000000000
0000000000000000
0000000000000000
0000000000000000
0010000000000000
0010111111110000
0010000000000000
0010000000000000
0011111100000000
0010000011100000
0000000000100000
0000000000100000
0000001111000000
0111111000000000
0000000000000000
0000000000000000
0000000000000000
0000000000000000
0000000000000000
0000000000000000
0000000000000000
0000000000000000
0000000000000000
0000000000000000
0000111111110000
0001100000000000
0011000000000000
0111111111000000
0000000001100000
0000000000100000
0000000011100000
1111111100000000
0000000000000000
0000000000000000
0000000000000000
0000000000000000
0000000000000000
0000000000000000
0000000000000000
0000000000000000
0000000000000000
0011111111000000
0010000000000000
0011111110000000
0000000011000000
0000000011000000
0011111100000000
0000000000000000
0000000000000000
0000000000000000
0000000000000000
0000000000000000
0000000000000000
0000000000000000
0000000000000000
0000000000000000
0000100011110000
0001111110000000
0011000000000000
0010000000000000
0111111111100000
0000000000110000
0000000000010000
0000000000110000
0000000011000000
0111111100000000
0000000000000000
0000000000000000
0000000000000000
0000000000000000
0000000000000000
0000000000000000
0000010000000000
0000110000000000
0000111111100000
0001100000000000
0001000000000000
0011111111100000
0000000000110000
0000000000001000
0000000000001000
0000100000001000
0000111100011000
0000000111100000
0000000000000000
0000000000000000
0000000000000000
0000000000000000
0001111111000000
0001000000000000
0011000000000000
0011111110000000
0000000011000000
0000000001000000
0000000111000000
1000111100000000
1111100000000000
0000000000000000
0000000000000000
0000000000000000
0000000000000000
0000000000000000
0000000000000000
0000000000000000
0000000000000000
0000100000000000
0000111111110000
0001100000000000
0001000000000000
0011000000000000
0011111111100000
0000000000110000
0000000001110000
0000111111000000
0000000000000000
0000000000000000
0000000000000000
0000000000000000
0000000000000000
0000000000000000
0000000000000000
0000000000000000
0000000000000000
0000000000000000
0000111111111110
0000100000000000
0001100000000000
0001111111100000
0000000000110000
0000000000110000
0000000001100000
0111111111000000
0000000000000000
0000000000000000
0000000000000000
0000000000000000
0000000000000000
0000001000000000
0000001011111110
0000011000000000
0000010000000000
0000010000000000
0000110000000000
0000111111110000
0000000000011100
0000000000000100
0000111000011100
0000001111110000
0000000000000000
0000000000000000
0000000000000000
0000000000000000
0000001000000000
0000011000000000
0000110000000000
0000100011111111
0001100110000000
0011000000000000
0010000000000000
0111111111100000
0000000000110000
0000000000110000
0000000011100000
0011111100000000
0000000000000000
0000000000000000
