0000000000000000
0000000000000000
0000000001000000
0000000011000000
0000000110000000
0000000100000000
0000001100000000
0000001111111000
0000001000001000
0000001100011000
0000000111110000
0000000000000000
0000000000000000
0000000000000000
0000000000000000
0000000000000000
0000000000000000
0000000000000000
0000000000000000
0000001000000000
0000001000000000
0000001000000000
0000010000000000
0000010000000000
0000010000000000
0000001111111000
0000001100001100
0000000111111100
0000000000000000
0000000000000000
0000000000000000
0000000000000000
0000000000000000
0000000000000000
0000000000000000
0000001000000000
0000001000000000
0000011000000000
0000010000000000
0000010000000000
0000011111110000
0000010000010000
0000010000010000
0000011100110000
0000000111100000
0000000000000000
0000000000000000
0000000000000000
0000000000000000
0000000000000000
0000000000000000
0000000000000000
0000000000000000
0000011111000000
0000110000000000
0001100000000000
0001000000000000
0001011110000000
0001000001110000
0000111001110000
0000001111000000
0000000000000000
0000000000000000
0000000000000000
0000000000000000
0000000000000000
0000000000000000
0000000000000000
0000000000000000
0001111111100000
0011000000000000
0110000000000000
1100000000000000
1001111110000000
1000000011110000
1000000000110000
0100000000100000
0011111111000000
0000000000000000
0000000000000000
0000000000000000
0000000000000000
0000000000000000
0000000000000000
0000000111110000
0000001100000000
0000001000000000
0000011000000000
0000010111100000
0000010000111111
0000001000000001
0000001100000001
0000000111111111
0000000000000000
0000000000000000
0000000000000000
0000000000000000
0000000000000000
0000000000000000
0000000000000000
0000000000000000
0000000011100000
0000000110000000
0000000100000000
0000000100000000
0000001000000000
0000001000011111
0000001001110001
0000001111000001
0000000011111111
0000000000000000
0000000000000000
0000000000000000
0000000000000000
0000000000000000
0000000000000000
0000000000000000
0000011111111000
0001110000000000
0011000000000000
0010000000000000
0010111111100000
0010000000110000
0011000000110000
0001100001100000
0000111110000000
0000000000000000
0000000000000000
0000000000000000
0000000000000000
0000000000000000
0000000000000000
0011111111100000
0010000000000000
0100000000000000
1100000000000000
1011111111000000
1000000001100000
1100000000100000
0110000001100000
0011111111000000
0000000000000000
0000000000000000
0000000000000000
0000000000000000
0000000000000000
0000000000000000
0000000000000000
0000000000000000
0000011111111000
0000110000000000
0001100000000000
0001000000000000
0011000000000000
0010000000000000
0010000000000000
0011111111111110
0011000000000001
0001111111111111
0000000000000000
0000000000000000
0000000000000000
0000000000000000
0000000000000000
0000000000000000
0001111111100000
0001000000000000
0011000000000000
0010000000000000
0010111110000000
0110000011100000
0100000000100000
0011111111100000
0000000000000000
0000000000000000
0000000000000000
0000000000000000
0000000000110000
0000000011100000
0000000010000000
0000000110000000
0000000111110000
0000000100001110
0000000100000010
0000000110000010
0000000011111100
0000000000000000
0000000000000000
0000000000000000
0000000000000000
0000000000000000
0000000000000000
0000000000000000
0000100000000000
0000100000000000
0000100000000000
0000100000000000
0000100000000000
0000111111100000
0000100000110000
0000100000010000
0000110000110000
0000011111100000
0000000000000000
0000000000000000
0000000000000000
0000000000000000
0000000000000000
0000000000000000
0000000000000000
0000000000000000
0000000000000000
0000000000000000
0000001111111000
0000111000000000
0001100000000000
0001000000000000
0001000000000000
0001111111111000
0000100000001000
0000110000011000
0000001111110000
0000000000000000
0000000000000000
0000000000000000
0000000000000000
0000000000000000
0000000000000000
0000000000000000
0000000111100000
0000000100000000
0000001000000000
0000011000000000
0000010111111000
0000011000000100
0000001110000100
0000000011111100
0000000000000000
0000000000000000
0000000000000000
0000000000000000
0000000000000000
0000000000000000
0000000011000000
0000011110000000
0000110000000000
0001000000000000
0011000000000000
0010000000000000
0101111111000000
0110000001100000
0011100001100000
0000111111000000
0000000000000000
0000000000000000
0000000000000000
0000000000000000
0000000000000000
0000000000000000
0000000000000000
0000000011110000
0000001110000000
0000001000000000
0000010000000000
0000011111000000
0000010001111000
0000010000001100
0000011000111100
0000001111100000
0000000000000000
0000000000000000
0000000000000000
0000000000000000
0000000000000000
0000000000000000
0000000111000000
0000000100000000
0000001100000000
0000001000000000
0000011111110000
0000010000011100
0000010000001100
0000011100011000
0000000111110000
0000000000000000
0000000000000000
0000000000000000
0000000000000000
