0000000000000000
0000000000000000
0000000000000000
0000011111111000
0001110000010000
0010000000110000
0001100001100000
0000111111100000
0000000000100000
0000000000100000
0000000000100000
0000000000100000
0000000000100000
0000000000100000
0000000000100000
0000000000000000
0000000000000000
0000000000000000
0000111100000000
0000010011111000
0000010000001110
0000010000000011
0000010000000001
0000011000000011
0000001111111110
0000000000000000
0000000000000000
0000000000000000
0000000000000000
0000000000000000
0000000000000000
0000000000000000
0000000000000000
0000000000000000
0000000111100000
0000111100010000
0001000000110000
0001000001100000
0001000011000000
0001101110000000
0000111000000000
0000000000000000
0000000000000000
0000000000000000
0000000000000000
0000000000000000
0000000000000000
0000000000000000
0000000000000000
0000000000000000
0000000000000000
0000000000000000
0000111111000000
0000100001110000
0001100000011000
0001000000001000
0001000000001100
0000100000001100
0000110000001000
0000011100111000
0000000111100000
0000000000000000
0000000000000000
0000000000000000
0000000000000000
0000000000000000
0000111110000000
0000100011100000
0000100000111000
0000100000001100
0000100000000110
0000110000000010
0000001110000110
0000000011111100
0000000000000000
0000000000000000
0000000000000000
0000000000000000
0000000000000000
0000000000000000
0000000000000000
0000000000000000
0000000000000000
0000000000000000
0000000000000000
0011111000000000
0010001110000000
0110000001100000
0100000000110000
0100000000011000
0110000000001000
0011000000001000
0001110000011000
0000011111110000
0000000001100000
0000000000000000
0000000000000000
0000000000000000
0000000000000000
0000001111100000
0000010000010000
0000100000001000
0001100000001000
0001000000001000
0001000000001000
0001000000001000
0001100000001000
0000110000001000
0000011100001000
0000000111111000
0000000000000000
0000000000000000
0000000000000000
0000000000000000
0000110000000000
0000111100000000
0000100111000000
0001000001100000
0011000000110000
0010000000010000
0010000000010000
0011000000110000
0001110011100000
0000011110000000
0000000000000000
0000000000000000
0000000000000000
0000000000000000
0000000000000000
0000000000000000
0000001110000000
0000001011110000
0000011000001110
0000010000000011
0000010000000001
0000010000000011
0000011100000010
0000000111100110
0000000000111000
0000000000000000
0000000000000000
0000000000000000
0000000000000000
0000000000000000
0000000000000000
0000000000000000
0000000000000000
0000111000000000
0000101111000000
0001100001110000
0001000000011000
0001100000011000
0000100000110000
0000011001100000
0000000111000000
0000000000000000
0000000000000000
0000000000000000
0000000000000000
0000000000000000
0000000000000000
0000000000000000
0000000000000000
0000011100000000
0000110111000000
0000100001110000
0000100000011000
0000100000001000
0000110000001000
0000011000001000
0000001111110000
0000000000000000
0000000000000000
0000000000000000
0000000000000000
0000000000000000
0000000000000000
0000000000000000
0000111111000000
0001100001110000
0001000000001100
0001000000000110
0001000000000001
0000110000000001
0000011100000011
0000000111111110
0000000000000000
0000000000000000
0000000000000000
0000000000000000
0000000000000000
0000000000000000
0000000000000000
0000000000000000
0000000000000000
0001111110000000
0001000011100000
0001000000100000
0011000000010000
0010000000010000
0011000000010000
0000110000110000
0000001111100000
0000000000000000
0000000000000000
0000000000000000
0000000000000000
0000000000000000
0000000000000000
0000000000000000
0000000000000000
0000111100000000
0001100011100000
0011000000110000
0110000000010000
0100000000010000
0100000000010000
0110000000010000
0001110000110000
0000011111100000
0000000000000000
0000000000000000
0000000000000000
0000000000000000
0000000000000000
0000000000000000
0000001000000000
0000011111110000
0000010000011100
0000010000000110
0000010000000010
0000011100000010
0000000111111110
0000000000000000
0000000000000000
0000000000000000
0000000000000000
0000000000000000
0000000000000000
0000000000000000
0000000000000000
0000000000000000
0000000000000000
0000000000000000
0000000000000000
0001111111110000
0011000000001100
0010000000000100
0010000000001100
0011000000001000
0001100000011000
0000111100110000
0000000111000000
0000000000000000
0000000000000000
0000000000000000
0000000000000000
0000011100000000
0000010111100000
0000010000110000
0000110000011000
0000100000001100
0000100000000100
0000100000000100
0000110000001100
0000011111111000
0000000000000000
0000000000000000
0000000000000000
0000000000000000
0000000000000000
0000000000000000
0000000000000000
0000000000000000
0000000000000000
0000111111100000
0001100000110000
0001000000001000
0001000000001000
0001000000001000
0001100000011000
0000110000010000
0000011111100000
0000000000000000
0000000000000000
0000000000000000
0000000000000000
0000000000000000
0000000000000000
0000000000000000
0000000000000000
0111111110000000
1100000001100000
0000000000110000
0010000000010000
0010000000010000
0010000000110000
0011000001100000
0001111111000000
0000000000000000
0000000000000000
0000000000000000
0000000000000000
0000000000000000
