0000000000000000
0000000000000000
0000000000000000
0000000000000000
0000000010000000
0000000111111000
0000000100001110
0000000100000010
0000000110000011
0000000011000001
0000000001100111
0000000000111100
0000000000000000
0000000000000000
0000000000000000
0000000000000000
0000000000000000
0000000000000000
0000000000000000
0000001111000000
0000111001110000
0001100000011000
0000100000001000
0000110000111000
0000011111100000
0000000000000000
0000000000000000
0000000000000000
0000000000000000
0000000000000000
0000000000000000
0000000000000000
0000000000000000
0000000000000000
0000000000000000
0000000000000000
0000011111100000
0000010000110000
0000010000011000
0000010000001000
0000010000011000
0000011000110000
0000001111000000
0000000000000000
0000000000000000
0000000000000000
0000000000000000
0000000000000000
0000000000000000
0000000000000000
0000000000000000
0000000000000000
0000000000000000
0000000000000000
0000011110000000
0000010011000000
0000110001100000
0000100000110000
0000100000010000
0000010000110000
0000011100100000
0000000111100000
0000000000000000
0000000000000000
0000000000000000
0000000000000000
0000000000000000
0000011100000000
0000100111100000
0000100000110000
0001100000010000
0001000000110000
0001000000100000
0001100001100000
0000110110000000
0000001100000000
0000000000000000
0000000000000000
0000000000000000
0000000000000000
0000000000000000
0000000000000000
0000000000000000
0000000111111000
0000000010001110
0000000010000011
0000000010000001
0000000010000110
0000000011111100
0000000000000000
0000000000000000
0000000000000000
0000000000000000
0000000000000000
0000000000000000
0000000000000000
0000000000000000
0000000000000000
0000000000000000
0000000000000000
0000011111100000
0000110000111000
0000100000001100
0000100000000110
0001000000000010
0001000000000100
0001100000000100
0000110000011000
0000011111110000
0000000000000000
0000000000000000
0000000000000000
0000000000000000
0000000000000000
0000000000000000
0000000000000000
0000011111100000
0000110000111000
0000100000001000
0000100000001000
0000110000011000
0000011101110000
0000000111000000
0000000000000000
0000000000000000
0000000000000000
0000000000000000
0000000000000000
0000000000000000
0000000000000000
0000000000000000
0000000000000000
0000011111000000
0000110001100000
0001100000110000
0011000000010000
0010000000010000
0011000000110000
0001100011100000
0000111110000000
0000000000000000
0000000000000000
0000000000000000
0000000000000000
0000000000000000
0000000000000000
0000000000000000
0000011110000000
0000010011100000
0000010000011000
0000110000001000
0000100000001100
0000100000000100
0000100000000100
0000100000001100
0000100000001000
0000110000011000
0000001111110000
0000000011000000
0000000000000000
0000000000000000
0000000000000000
0000000000000000
0001111100000000
0000100111110000
0000100000011000
0000100000001100
0000100000000100
0000100000000100
0000100000001100
0000100000111000
0000111111100000
0000000000000000
0000000000000000
0000000000000000
0000000000000000
0000000000000000
0000000000000000
0000000000000000
0000000000000000
0000000000000000
0000001111000000
0000011001111000
0000110000001100
0000100000000010
0000100000000110
0000100000001100
0000111111111000
0000000000000000
0000000000000000
0000000000000000
0000000000000000
0000000000000000
0000000000000000
0000000000000000
0000000000000000
0000000000000000
0000011111111000
0000011000000111
0000001000000001
0000001000000001
0000001000000001
0000001000000001
0000001000000001
0000001000000111
0000000111111000
0000000000000000
0000000000000000
0000000000000000
0000000000000000
0000000000000000
0000001111111000
0000001000000111
0000001000000001
0000010000000001
0000010000000001
0000010000000001
0000001000000001
0000001110000111
0000000011111100
0000000000000000
0000000000000000
0000000000000000
0000000000000000
0000000000000000
0000000000000000
0000000000000000
0000000000000000
0111111111110000
0100000000011000
0100000000011000
0110000000010000
0010000000110000
0011000001100000
0001100111000000
0000111100000000
0000000000000000
0000000000000000
0000000000000000
0000000000000000
0000000000000000
0000000000000000
0000000000000000
0000000000000000
0000111100000000
0001100111000000
0001000001100000
0001000000100000
0001000000100000
0001000001100000
0001000001000000
0001000110000000
0000111100000000
0000000000000000
0000000000000000
0000000000000000
0000000000000000
0000000000000000
0000000000000000
0000000000000000
0000111111000000
0000100001110000
0000100000011000
0000100000001000
0000100000011000
0000100000110000
0000111111000000
0000000000000000
0000000000000000
0000000000000000
0000000000000000
0000000000000000
0000000000000000
0000000000000000
0000000000000000
0000000111111110
0000001000000001
0000001000000001
0000001000000001
0000001000000001
0000001000000001
0000001100000001
0000000111111111
0000000000000000
0000000000000000
0000000000000000
0000000000000000
0000000000000000
0000000000000000
0000000000000000
0000000000000000
0000000000000000
0000000000000000
0000000000000000
0011111100000000
0010000111110000
0010000000010000
0010000000011000
0010000000001000
0010000000010000
0010000000010000
0011111101100000
0000000111000000
0000000000000000
0000000000000000
0000000000000000
0000000000000000
0000000000000000
0000000000000000
0000000000000000
0001011111110000
0001000000011000
0001000000001000
0001000000001000
0001000000011000
0001110000110000
0000011111100000
0000000000000000
0000000000000000
0000000000000000
0000000000000000
0000000000000000
0000000000000000
0000000000000000
0000011111111000
0000010000001000
0000010000001100
0000010000001100
0000010000001000
0000010000001000
0000010000011000
0000011111110000
0000000000000000
0000000000000000
0000000000000000
0000000000000000
