0000000000000000
0000000000000000
0000000000000000
0000001100000000
0000011001000000
0000110001000000
0001101111111111
0011111001000000
0000000001000000
0000000001000000
0000000001000000
0000000000000000
0000000000000000
0000000000000000
0000000000000000
0000000000000000
0000000000000000
0000000000000000
0000000000000000
0000100000000000
0001000000100000
0011000000100000
0011111111111111
0010000000100000
0000000000100000
0000000000100000
0000000000100000
0000000000000000
0000000000000000
0000000000000000
0000000000000000
0000000000000000
0000000000000000
0000000000000000
0000000000000000
0001000000000000
0010000000000000
0110000000000000
1100000010000000
1000000010000000
1000000010000000
1000000010000000
1111111111111100
1000000010000000
0000000010000000
0000000010000000
0000000010000000
0000000010000000
0000000000000000
0000000000000000
0000000000000000
0000000000000000
0001000000000000
0010000000000000
0110001000000000
1100001000000000
1111111110000000
0000001000000000
0000001000000000
0000001000000000
0000001000000000
0000001000000000
0000000000000000
0000000000000000
0000000000000000
0000000000000000
0000000000000000
0001000000000000
0001000000000000
0011000000000000
0110000000000000
1100000100000000
1111111111110000
0000000100000000
0000000100000000
0000000100000000
0000000100000000
0000000000000000
0000000000000000
0000000000000000
0000000000000000
0000000000000000
0000000000000000
0010000000000000
0010001000000000
0110001000000000
0100001111110000
0111111100000000
0000000100000000
0000000100000000
0000000000000000
0000000000000000
0000000000000000
0000000000000000
0000000000000000
0000000000000000
0000000000000000
0000000000000000
0000000000000000
0000100000000000
0001100010000000
0011000010000000
0110000010000000
0111111111111100
0000000010000000
0000000010000000
0000000010000000
0000000000000000
0000000000000000
0000000000000000
0000000000000000
0000000000000000
0000000000000000
0000000000000000
0000000000000000
0000100000000000
0001100000000000
0001000000000000
0011001000000000
0110001000000000
1100001000000000
1111111111100000
0000001000000000
0000001000000000
0000000000000000
0000000000000000
0000000000000000
0000000000000000
0000000000000000
0000000000000000
0000001100000000
0000011000000000
0000100001000000
0011000001000000
0011111111111110
0000000001000000
0000000001000000
0000000001000000
0000000001000000
0000000000000000
0000000000000000
0000000000000000
0000000000000000
0000000000000000
0000000000000000
0000000000000000
0000100000000000
0000100000000000
0001100000000000
0011000001000000
0110000001000000
0111111111111110
0000000001000000
0000000001000000
0000000010000000
0000000010000000
0000000000000000
0000000000000000
0000000000000000
0000000000000000
0000000000000000
0000000000000000
0000000000000000
0000000000000000
0000001100000000
0000011000000000
0000110000010000
0001100000010000
0011111111111111
0010000000010000
0000000000010000
0000000000010000
0000000000000000
0000000000000000
0000000000000000
0000000000000000
0000000000000000
0000001000000000
0000011000000000
0000110000010000
0001100000010000
0001111111111111
0000000000010000
0000000000010000
0000000000010000
0000000000000000
0000000000000000
0000000000000000
0000000000000000
0000000000000000
0000000000000000
0000000000000000
0000000000000000
0000000000000000
0000000000000000
0001100000000000
0011000000000000
0110000001000000
1100000001000000
1111111001000000
0000001111111110
0000000001000000
0000000001000000
0000000001000000
0000000001000000
0000000000000000
0000000000000000
0000000000000000
0000000000000000
0000000000000000
0000000100000000
0000001100000000
0000011000000000
0000110001000000
0001100001000001
0001111111111111
0000000001000000
0000000001000000
0000000001000000
0000000000000000
0000000000000000
0000000000000000
0000000000000000
0000000000000000
0000000000000000
0000000000000000
0000000000000000
0001000000000000
0001000000000000
0001000010000000
0011000010000000
0010000010000000
0111111111111111
0000000010000000
0000000010000000
0000000010000000
0000000010000000
0000000000000000
0000000000000000
0000000000000000
0000000000000000
0000000000000000
0000000000000000
0000001100000000
0000011000010000
0000110000010111
0000111111111100
0000000000010000
0000000000110000
0000000000100000
0000000000000000
0000000000000000
0000000000000000
0000000000000000
0000000000000000
0000000000000000
0000000000000000
0000001000000000
0000011010000000
0000110010000000
0001100010000000
0011000010000000
0110000010000110
0111111111111100
0000000010000000
0000000010000000
0000000000000000
0000000000000000
0000000000000000
0000000000000000
0000000000000000
0000000000000000
0000000000000000
0000000000000000
0000000000000000
0000000000000000
0000010000000000
0000010000000000
0000010000000000
0000110000100000
0001100000100000
0011000000100000
0110011111111111
0111100000100000
0000000000100000
0000000000100000
0000000000100000
0000000000000000
0000000000000000
0000000000000000
0000000000000000
0000000000000000
0000001100000000
0000001000000000
0000011000000000
0000110000010000
0011100000010000
0111111111111111
0000000000010000
0000000000010000
0000000000010000
0000000000000000
0000000000000000
0000000000000000
0000000000000000
0000000000000000
0000000000000000
0000010000000000
0000100000000000
0001100000100000
0011000000100000
0110000000100000
0111111111111111
0000000000100000
0000000001100000
0000000001000000
0000000000000000
0000000000000000
0000000000000000
0000000000000000
0000000000000000
0000000000000000
0000000000000000
0000000000000000
0000001100000000
0000011000000000
0000110000100000
0001100000100000
0011000000100000
0111111111111111
0000000000100000
0000000000100000
0000000001100000
0000000000000000
0000000000000000
0000000000000000
