0000000000000000
0000111111110000
0000000000010000
0000000000100000
0000000001000000
0000000011000000
0000000110000000
0000000100000000
0000001100000000
0000000000000000
0000000000000000
0000000000000000
0000000000000000
0000000000000000
0000000000000000
0000000000000000
0000000000000000
0000000000000000
0000000000000000
0000000000000000
0000000000000000
0000000111111110
0001111100000110
0000000000011000
0000000000110000
0000000001100000
0000000110000000
0000001100000000
0000011000000000
0000110000000000
0000000000000000
0000000000000000
0000000000000000
0000000000000000
0000000000000000
0000000000000000
0000111111111100
0000000000001100
0000000000011000
0000000000110000
0000000001000000
0000000011000000
0000000100000000
0000001000000000
0000000000000000
0000000000000000
0000000000000000
0000000000000000
0000000000000000
0001111111111100
0000000000000100
0000000000001000
0000000000001000
0000000000010000
0000000000100000
0000000000100000
0000000001100000
0000000001000000
0000000011000000
0000000010000000
0000000100000000
0000001100000000
0000001000000000
0000000000000000
0000000000000000
0000000000000000
0011111111111111
0000000000000011
0000000000001100
0000000000011000
0000000001100000
0000000011000000
0000000110000000
0000001100000000
0000011000000000
0000110000000000
0000100000000000
0000000000000000
0000000000000000
0000000000000000
0000000000000000
0000000000000110
0000000011111110
0011111110000110
0000000000000100
0000000000001100
0000000000001000
0000000000010000
0000000000100000
0000000001100000
0000000011000000
0000000110000000
0000011100000000
0000110000000000
0001100000000000
0000000000000000
0000000000000000
0000000000000000
0000000000000000
0000011111111110
0011100000001100
0000000000011000
0000000001100000
0000000111000000
0000001100000000
0000010000000000
0001100000000000
0111000000000000
1100000000000000
1000000000000000
1000000000000000
1000000000000000
0000000000000000
0000000000000000
0000111111111110
0000000000000110
0000000000001100
0000000000011000
0000000001100000
0000000001000000
0000000010000000
0000001000000000
0000110000000000
0001000000000000
0110000000000000
1100000000000000
1000000000000000
1000000000000000
0000000000000000
0000000000000000
0000000000000000
0000111111111100
0000000000001110
0000000000111000
0000000001100000
0000000011000000
0000000010000000
0000000010000000
0000000010000000
0000000010000000
0000000000000000
0000000000000000
0000000000000000
0000000000000000
0000000000000000
0000000000000000
0000000000000000
0001111111111000
0000000000001110
0000000000011100
0000000000110000
0000000011100000
0000000110000000
0000000100000000
0000001100000000
0000011000000000
0000011000000000
0000000000000000
0000000000000000
0000000000000000
0000000000000000
0000000000000000
0000000000000000
0001111111111111
0000000000001110
0000000000111000
0000000001100000
0000000011000000
0000000110000000
0000001100000000
0000001000000000
0000001000000000
0000001000000000
0000011000000000
0000000000000000
0000000000000000
0000000000000000
0000000000000000
0000000000000000
0000000000000000
0000000000000000
0001111111111100
0000000000011000
0000000000110000
0000000001000000
0000000011000000
0000000010000000
0000000010000000
0000000000000000
0000000000000000
0000000000000000
0000000000000000
0000000000000000
0000000000000000
0001111111111111
0000000000000011
0000000000000110
0000000000001100
0000000000010000
0000000000110000
0000000001100000
0000000001000000
0000000010000000
0000000010000000
0000000110000000
0000000000000000
0000000000000000
0000000000000000
0000000000000000
0001111111110000
0000000000010000
0000000000010000
0000000000010000
0000000000010000
0000000000010000
0000000000010000
0000000000010000
0000000000011000
0000000000001000
0000000000000000
0000000000000000
0000000000000000
0000000000000000
0000000000000000
0000000000000000
0000000000000000
0000000000000000
0000011111111100
0000000000111000
0000000011000000
0000000110000000
0000001100000000
0000011000000000
0000010000000000
0000010000000000
0000010000000000
0000011000000000
0000000000000000
0000000000000000
0000000000000000
0000000000000000
0000000000000000
0000000000000000
0000000001111110
0111111111001100
0000000000011000
0000000000110000
0000000001100000
0000000011000000
0000000010000000
0000000110000000
0000000100000000
0000000100000000
0000000000000000
0000000000000000
0000000000000000
0000000000000000
0000000000000111
0001111111111110
0000000000001100
0000000000011000
0000000000010000
0000000000100000
0000000000100000
0000000001000000
0000000001000000
0000000001000000
0000000001100000
0000000000100000
0000000000000000
0000000000000000
0000000000000000
0000000000000000
0000000000000000
0000000000000000
0000000000000000
0000000000000000
0000000000000010
0001111111111110
0000000000111000
0000000001100000
0000000011000000
0000000010000000
0000000010000000
0000000110000000
0000000000000000
0000000000000000
0000000000000000
0000000000000000
0000000000000000
0000000000000000
0000000000111111
0001111111100110
0000000000001100
0000000000011000
0000000000110000
0000000001100000
0000000011000000
0000000010000000
0000000110000000
0000000110000000
0000000000000000
0000000000000000
0000000000000000
0000000000000000
0000000001111110
0011111111000100
0000000000001100
0000000000001000
0000000000010000
0000000000110000
0000000000100000
0000000001100000
0000000001000000
0000000001000000
0000000000000000
0000000000000000
0000000000000000
0000000000000000
0000000000000000
0000000000000000
0000000000000000
0000111111111110
0000000000001100
0000000000001000
0000000000011000
0000000000010000
0000000000110000
0000000000100000
0000000001100000
0000000001000000
0000000001000000
0000000000000000
0000000000000000
0000000000000000
0000000000000000
