0000000000000000
0001110000000000
0001001100000000
0001000110000000
0001111110000000
0000000111110000
0000010000011000
0000010000011000
0000001111110000
0000000000000000
0000000000000000
0000000000000000
0000000000000000
0000000000000000
0000000000000000
0000000000000000
0000000000000000
0111111100000000
0100000111000000
0110000001000000
0011100001000000
0000111110000000
0000111100000000
0001100100000000
0110000110000000
1100000010000000
1000000110000000
1100000100000000
0100011100000000
0111110000000000
0000000000000000
0000000000000000
0000000000000000
0000000000000000
0001111111000000
0001000001110000
0001000000110000
0001100001100000
0000111011000000
0000001110000000
0000011001100000
0000110000110000
0000100000001100
0000100000001100
0000110001111000
0000011111000000
0000000000000000
0000000000000000
0000000000000000
0000000000000000
0000111110000000
0001100011110000
0001000000001100
0001100001000000
0000011111000000
0000001110000000
0000011011100000
0000110000110000
0000111111100000
0000000000000000
0000000000000000
0000000000000000
0000000000000000
0000000000000000
0000000000000000
0000000000000000
0000000000000000
0000000000000000
0011111110000000
0010000001110000
0011001111000000
0001111000000000
0001101110000000
0001000011000000
0001000001100000
0001000000110000
0001111111100000
0000000000000000
0000000000000000
0000000000000000
0000000000000000
0000000000000000
0000001111110000
0000001000010000
0000001100100000
0000000111100000
0000000111110000
0000001100011100
0000001000000110
0000001000000010
0000001000001110
0000000111110000
0000000000000000
0000000000000000
0000000000000000
0000000000000000
0000000000000000
0000000000000000
0000000000000000
0000111000000000
0111101110000000
0010000010000000
0011000010000000
0000111010000000
0111101111000000
0100000001000000
0110000111000000
0011111100000000
0000000000000000
0000000000000000
0000000000000000
0000000000000000
0000000000000000
0000000000000000
0000000000000000
0111111111100000
1100000000100000
1100000001100000
0110000011000000
0011100110000000
0000111100000000
0000011111000000
0000010001000000
0000010001100000
0000010000100000
0000011111000000
0000000000000000
0000000000000000
0000000000000000
0000000000000000
0001111100000000
0011000111000000
0011000001000000
0001110001100000
0000011111000000
0000001101100000
0001110000110000
0011000000010000
0011000001110000
0001111111000000
0000000000000000
0000000000000000
0000000000000000
0000000000000000
0000000000000000
0000000000000000
0000000000000000
0000000000000000
0001111111000000
0001000001100000
0001000000100000
0001110011100000
0000011110000000
0001110011100000
0011000000110000
0011000111100000
0001111100000000
0000000000000000
0000000000000000
0000000000000000
0000000000000000
0000000000000000
0000011110000000
0011110011000000
0010000111100000
0011111100000000
0000110000000000
0001001100000000
0001000011000000
0001000001100000
0001110111100000
0000011100000000
0000000000000000
0000000000000000
0000000000000000
0000000000000000
0000000000000000
0000000000000000
0000111111111000
0000100000111000
0000110001100000
0000011111000000
0000011111000000
0000110001110000
0000100000011000
0000111000111000
0000001111100000
0000000000000000
0000000000000000
0000000000000000
0000000000000000
0000000000000000
0000000000000000
0000000000000000
0000000000000000
0000111111000000
0000100001100000
0000100001100000
0000110110000000
0000011100000000
0000010111100000
0000010000111100
0000010000001100
0000011111111000
0000000000000000
0000000000000000
0000000000000000
0000000000000000
0000000000000000
0000000000000000
0000000111111000
0000000100011000
0000000111110000
0000000111000000
0000001101110000
0000001000011000
0000001100001100
0000000111001100
0000000001111000
0000000000000000
0000000000000000
0000000000000000
0000000000000000
0000000000000000
0000000000000000
0000000000000000
0000000000000000
0000000000000000
0000111110000000
0000100011100000
0000111110000000
0000011000000000
0000111110000000
0001100011000000
0001000001100000
0001000001100000
0000111011000000
0000001110000000
0000000000000000
0000000000000000
0000000000000000
0000000000000000
0000000000000000
0000000111111100
0000001100001000
0000011000001000
0000010000011000
0000011101110000
0000011111000000
0001110001100000
0011000000110000
0001100000011000
0000110000011000
0000011111100000
0000000000000000
0000000000000000
0000000000000000
0000000000000000
0000000100000000
0000001110000000
0000001011000000
0000001001000000
0000001101000000
0000000011100000
0000000110111000
0000000100000111
0000000100000011
0000000110011110
0000000001100000
0000000000000000
0000000000000000
0000000000000000
0000000000000000
0000000000000000
0000000000000000
0000111111000000
0000100001000000
0000110001100000
0000001101100000
0000000011100000
0000001110111000
0000001000001000
0000001111111000
0000000000000000
0000000000000000
0000000000000000
0000000000000000
0000000000000000
0000000000000000
0000000000000000
0000000000000000
0000011111000000
0000010001000000
0000011011000000
0000001110000000
0000001011100000
0000001000111000
0000001000001100
0000001110011100
0000000011110000
0000000000000000
0000000000000000
0000000000000000
0000000000000000
0000000000000000
0000000000000000
0000000011110000
0000001110011000
0000001000011000
0000001100110000
0000000111100000
0000001111100000
0000010000111000
0000010000000110
0000010000000010
0000011100000110
0000000111111100
0000000000000000
0000000000000000
0000000000000000
